10000
30496
166023
631859
822609
909550
19119
365893
701850
372541
893196
132633
357907
624057
151520
85598
990506
550679
465075
322632
789908
241028
886234
616144
940926
61074
891320
21105
206871
50126
373727
634942
509206
732483
677621
391395
87271
398959
204047
809010
302831
687711
579197
851837
445353
685162
397188
122704
924198
814345
543111
304985
870252
415813
517998
440776
927469
826875
621332
172935
103839
434256
224646
438047
252136
494818
514361
318256
482523
670560
684185
262700
803635
619277
709912
781189
116944
128687
971992
495991
920780
508232
894374
401257
218384
622201
67315
510052
669929
412881
797902
867956
462617
784834
949630
50704
573614
423207
497726
220793
452599
573395
71050
382186
270637
271000
889726
707131
120451
896365
473987
944440
880605
37585
146223
161319
602030
904504
999242
900348
513558
689725
225684
199917
197469
925681
775365
178901
142070
920264
389773
107205
184547
65004
451692
72174
578199
992764
848168
4560
227632
621598
802542
185696
987432
680941
68668
909669
536989
931024
3213
589188
276619
289616
253011
221225
169543
593761
604553
125820
947581
455674
245141
746743
567857
409181
402132
826153
676275
87480
58149
355927
43394
305404
344298
651967
980302
846635
677861
78908
503885
608560
161340
331890
63242
20789
454224
617720
284410
560777
196233
46217
951130
52170
23806
521940
350159
537520
210223
89315
773749
811903
539642
229624
926315
519532
426165
14055
61250
834362
677895
977814
472442
176657
135241
114653
29137
207757
181055
741294
170201
935371
953527
566029
74997
875833
981433
826700
609004
47273
143913
269721
435527
617000
845973
472682
558410
577470
103622
861816
948083
629438
971744
274414
883620
350406
634533
531799
425041
688993
927908
205361
764799
734583
968909
984450
866581
174124
677251
688053
492137
834452
897502
321955
140498
896253
829245
208926
164304
543464
982234
90457
73708
685221
343678
401196
540893
283116
65232
333309
732064
333553
152047
587610
259124
713290
670694
499703
970212
611463
557813
585961
43280
255035
145763
282017
584198
508606
171442
627185
557482
175330
353651
855069
833906
837221
791999
954081
983972
324099
420999
600993
70893
948177
454903
712105
813053
561131
685676
617266
706774
745289
953780
744360
892942
27390
653178
977968
939906
574094
748377
565676
976338
295258
674384
463034
290646
754523
250644
68868
212612
129065
600304
375696
908782
356727
435561
129733
259323
538623
322071
348043
303076
513451
388738
206330
416469
640792
464484
177039
20059
489214
597890
171552
903241
52677
281868
755976
673253
979116
717836
237142
791669
194587
271172
698889
461013
292318
82086
756615
938390
88524
273527
460874
358784
69255
460985
801317
614487
327251
874233
994868
83232
532096
614064
957293
385995
585753
870265
296484
908700
832113
44943
222106
574119
989060
611368
422525
984622
900028
484817
852103
520617
56404
857943
748050
141390
734005
560438
398404
975208
561252
713313
26949
774901
392721
483372
313563
705642
808719
53351
797779
53058
263468
922929
647638
958619
783939
107381
325035
471008
539260
525003
486114
205166
127042
956668
66251
227696
677695
898656
749769
664295
661524
649671
420822
87242
260997
424382
335617
950223
882280
563106
993579
797394
462398
238555
43579
171570
99211
217267
922197
265054
604808
678763
457614
341600
730503
509381
314986
663567
376504
3899
884011
177065
578722
688035
968258
631482
204809
660013
189203
210818
57526
787944
841421
959209
467905
57258
553598
106216
109913
111466
150384
322591
625006
644684
360485
419693
3001
681549
749366
441062
455887
914348
475337
69992
345193
53561
63114
40348
526807
118119
968590
928847
753628
970306
140081
32171
547423
170452
559901
341078
668813
364572
203659
32753
975999
389163
210158
658742
969328
222612
697675
509102
141986
310038
165713
996975
259094
535622
581693
968799
544496
274039
264218
860261
144575
329557
486537
232187
252069
37958
143230
880260
427323
679
844585
352365
166922
426739
3456
938337
279677
563989
700368
889635
724700
441875
509931
165085
137661
355828
787914
807536
818036
933416
650553
329600
397573
939242
467030
618018
815085
476260
725762
333107
726804
900447
796672
181141
592203
323315
669212
620878
235387
44656
694178
493945
158993
288556
482742
621948
500621
576937
68819
609036
986592
915917
732971
394024
857139
637000
311411
280902
606274
572012
153628
887434
594021
5078
312231
639075
809972
150434
771591
681345
420973
639040
358897
701894
506435
451553
487265
610490
880589
585553
102560
189043
895506
944107
13157
561924
824606
888979
368532
662296
20526
606977
351104
66281
469578
904702
151827
272462
122538
750283
717968
812449
855758
635216
26945
681511
856263
188701
420688
344376
73530
511221
645458
520692
610369
309593
242919
362076
255900
750628
661655
827094
122787
812072
603903
999208
122578
227818
215064
637816
482512
421488
368827
533272
700257
396239
417061
113149
930197
899939
552190
12476
54008
510229
727875
969061
185097
887215
905351
687457
722318
798663
786244
41493
52140
950229
851531
747462
227381
973094
308509
33189
284666
735077
833875
787633
557323
475334
223050
413002
464890
558542
217360
455681
947962
348443
996676
300727
722459
771743
85932
845430
715627
994753
400953
272455
286392
111793
565256
876278
521044
312828
201074
717561
164419
662055
963798
734136
569981
101317
145828
838557
624973
462342
476483
241131
756396
214017
445558
449973
508752
979705
352005
562761
793806
19350
195296
495068
675109
72677
500584
757159
221405
473978
847517
654353
288177
146205
908151
455461
976127
573755
603945
384204
97189
450805
847461
954985
931503
139513
365401
265060
802582
203239
91489
517671
487476
374086
947306
48867
463778
500299
265901
847278
608536
678190
826632
513528
972661
363061
844545
946040
633451
731707
166728
485968
379262
475767
265678
931948
759613
963637
274414
358383
961587
899032
660647
513503
950958
103311
508363
52317
946742
337021
84408
889880
598921
462275
500505
935757
52737
379156
426580
889437
559830
528016
252812
647427
684763
50197
760042
807642
99375
113207
340060
134194
326780
290476
429654
993867
972993
82161
560998
56186
240168
400481
510509
381838
877489
661231
656524
827627
631567
404085
928231
358160
55430
152964
410000
812953
485737
33311
870145
665612
431004
571743
184689
429068
234889
486029
471983
495877
221033
672836
174329
43076
539972
107856
730739
709549
314079
176796
222534
22855
744225
107785
831280
205264
115782
442807
104368
43615
579085
127448
703576
41287
740016
12548
165144
753315
819502
882052
535568
849872
771983
559702
250368
569381
280173
440558
511638
777497
53581
744296
676531
543006
324139
608963
828145
585199
852326
459337
545745
841511
213719
870295
730017
119723
593688
175111
443556
17969
257726
83195
651787
711430
133505
461061
133147
218569
4105
603174
884442
829813
47969
38246
5518
788317
261070
93562
244787
583116
762596
544604
909356
372592
678772
997827
783671
376406
397099
952811
704334
7198
482362
302461
663960
110917
121278
669177
902267
803542
927635
276920
365013
388650
796170
905932
586926
904640
857195
760763
306858
940094
868136
344462
801320
155789
413190
911256
584725
535470
451903
48222
48971
92162
202897
803532
753111
632743
755217
427408
641006
911608
203864
596240
689170
633229
873069
12160
849261
349823
906009
85535
874072
802143
393435
441336
249033
995959
233467
740024
55272
290669
678764
280090
377235
941579
799619
86558
757008
318402
369938
666722
19501
122813
952070
694868
915687
181005
918064
4738
378939
458820
903481
508074
613908
499288
176530
458600
390785
979671
434780
536890
746218
821947
279246
602878
271266
569548
441029
94317
34525
246973
895234
453182
451593
320010
509886
439857
861791
351613
443774
202632
388446
685165
956966
575576
841880
63561
92088
993721
848778
292814
305040
32564
193954
769103
846891
673418
627539
233199
65443
507071
575345
43325
677776
363439
668232
336913
516931
155906
72605
408723
220626
295439
397722
660509
775879
995062
516422
855767
995030
693763
209348
178283
15543
60852
525789
673178
549893
854959
877053
69118
582297
755537
77423
519168
212038
657746
322468
349255
965541
177948
623735
728794
858489
698596
657289
210770
894898
570591
63857
124652
485845
515573
97374
4097
819055
328285
427881
132146
190126
633861
145130
134938
544625
191457
699701
49632
108
274264
546753
646813
498537
676904
659501
878318
96796
747375
565870
180690
986017
406618
737502
808319
55945
702022
346735
363842
276777
959264
752176
964983
536035
393448
50382
414378
829251
473508
346239
101495
586996
997391
267864
696555
505336
563927
359223
931278
319496
524665
940237
584857
564967
746360
933078
532786
688272
421281
197266
504762
862395
663338
604069
256570
968032
991752
538879
802176
561513
257862
642510
752193
257620
532893
142698
377700
447645
539757
582550
598163
89069
31669
992810
583767
448113
512212
967389
442407
338410
747758
458932
624701
905874
558218
118184
232358
926527
993118
125916
879094
213547
555645
465867
810839
824517
612846
663948
208844
125059
24954
497699
168920
645116
193597
555801
715006
278992
32679
678173
704453
129230
655198
682885
5795
29693
807764
713514
520405
409393
807537
228047
967281
929174
910782
168118
487365
207887
151395
623213
359430
967147
558194
41768
610305
926826
862797
226861
188773
513993
27392
291576
439837
936775
873753
734477
123119
650197
920522
836886
359542
819947
89476
128481
988614
259598
917461
921713
408849
32773
486295
59953
462595
555159
258043
297945
515270
652614
537963
890136
506407
309235
350718
651260
399713
339831
787887
426457
666739
697812
531473
673432
486729
146437
485413
789041
460458
436334
708940
399162
79523
716786
77753
329924
924732
315510
96858
904753
676987
229763
242638
654496
916138
465542
304462
753125
941729
618133
652418
580979
133432
627701
102696
377325
949097
728719
818950
461268
922962
548521
364288
543137
446449
302152
758640
369846
573560
854390
119977
298977
279909
425699
706363
57772
184111
968362
548899
386653
464194
685729
104465
965524
326420
398429
701763
67440
786313
44951
25098
714217
71232
342534
189715
16172
285880
490999
556244
176772
917274
762644
666989
696567
575202
868029
309492
267697
461886
695285
398979
662609
706125
371384
525313
52233
907849
449072
660038
685229
266430
154603
715916
996549
876788
406305
878635
884953
135181
984924
113244
851324
485120
422510
546863
454499
969407
598416
732117
47089
839966
567138
833108
295451
455978
166390
589409
355758
518521
716536
575082
74717
234901
108140
49614
884933
54270
620214
492903
106416
918318
976968
440048
427072
119622
722327
258889
110352
350413
847340
155361
361124
919956
441303
68776
370647
284651
694531
958054
307523
242095
925441
743742
870071
602848
812254
741737
180490
685583
994427
929430
949511
635041
141115
691080
442422
737323
403272
620502
511513
721585
149812
408706
606036
386291
323582
857238
455973
607891
459761
412527
141885
236527
237
815932
297068
911864
641063
401922
966209
71207
710710
439657
542257
257327
204077
474090
637689
410337
885956
361183
509901
392556
823144
284248
673666
89203
640276
69501
979199
125758
794810
220074
228269
686836
802693
729536
122976
618350
671932
676340
629010
567209
480086
587373
595015
698486
49772
763153
226586
30941
676405
142716
88741
875582
636309
778418
871446
945301
310773
313837
198092
305422
431665
737308
269099
304004
974359
874952
489797
232268
896063
688833
494972
766745
768920
809423
806621
872885
549178
199859
418834
779038
559325
651304
437811
954432
727105
936824
137710
853059
284870
895591
265429
165660
573439
266029
598689
434026
138963
349280
54081
988237
739616
576447
254405
548298
490149
273899
539865
365635
509905
234429
426197
283178
143645
584847
11522
287473
899194
395648
664811
546952
174755
434632
295251
536104
258387
925117
101115
257561
838808
410271
605823
809849
775177
618060
2370
909050
528723
920807
25749
192227
574424
116994
227832
890540
450436
696502
406363
858781
335097
535177
307796
298992
149943
203770
868913
436519
100628
878663
375963
287896
470086
173703
338026
117420
609692
128020
687163
527940
314219
739071
414199
518138
34243
892197
119947
424922
169697
672532
153780
207620
540841
920966
626343
191664
603519
660364
347181
934816
495777
180590
762474
605974
194164
410717
69204
113132
307364
114375
305563
745290
107761
918232
370024
224169
798155
20195
355426
752648
80452
82409
783334
703223
714694
740795
198026
202123
465912
375228
469639
115953
307663
404490
56683
369002
997844
698852
374696
511835
647411
829370
447914
68613
104397
880666
118418
433561
688619
538664
978430
789310
326367
387540
181691
191414
750360
918793
114507
719913
670553
649935
574243
643720
421606
116699
609314
407790
598813
563027
60687
985022
68655
64448
424360
130485
550633
418385
419964
293093
145365
704180
963653
189420
812952
193787
462181
472504
835320
265750
364600
835662
207718
669384
19257
265310
596438
224722
532543
40756
416138
535844
186086
363760
663912
153737
137086
26106
20732
793652
774962
870009
780757
70170
563141
661891
832534
121825
99976
797585
594606
367631
197473
988759
498275
308742
702801
976658
141840
986618
749844
1685
715983
309351
124838
444395
487056
114881
966425
979880
211110
582476
742078
138227
229479
348993
42329
542685
761832
982964
288998
57939
609190
896065
551111
207289
886715
499944
220145
770332
615240
776527
711295
981706
938239
576634
783437
770011
744351
663389
799047
785448
818923
431187
245530
592333
327358
24533
806763
12079
857537
636839
843976
217455
100559
855020
991640
690766
361063
410046
227675
686718
538549
695428
42536
145722
851507
876763
31241
112411
643541
797367
589560
492032
856316
99043
118026
702366
242129
997176
216013
999060
619788
769477
458271
397588
644608
845396
575627
404229
472270
337171
488731
240847
542308
163535
872733
899110
344277
865008
219738
950541
289534
769109
537714
352145
704269
824343
459915
918654
258643
792518
188814
738560
124012
850833
223796
773145
622684
580026
732129
638041
773587
431073
675266
293584
452302
149046
41101
126310
290708
935507
622794
450447
474421
946671
151394
35795
569102
598295
249424
304655
475853
594782
203478
776160
117619
780513
493442
395338
773869
489540
105147
21498
343019
286117
290878
786505
685116
771757
581704
300809
871572
239742
880993
112619
789812
917061
539027
713826
365395
877356
115897
691009
947129
626741
492650
891775
198554
143066
190057
245207
176811
766037
537192
975027
774641
473198
313172
613562
231993
267543
208884
908496
893339
698679
978783
856788
89821
916157
382681
690573
310980
143175
663875
531084
945972
666653
220817
779446
869290
699010
207330
939486
942959
454903
165175
578748
32198
118305
880766
147618
697572
762782
179460
297588
30313
486154
346986
949978
814465
368534
544236
202278
939440
743660
34897
621819
168256
742550
564495
355315
603812
973455
47424
620889
404844
556820
869738
3732
313116
454333
402405
729978
98829
243273
386667
73496
735045
471840
199106
311033
779760
15475
488163
964639
902541
640708
255654
22835
805880
459557
202360
287983
726092
456899
707480
382986
559813
976859
121968
129976
597653
348059
48544
729680
124943
786732
373863
326706
281616
743164
376671
142786
5226
134893
509791
172666
841508
928683
365217
358181
108877
348824
494705
651956
17739
789724
389538
436112
219821
124329
963408
864177
742035
330894
897912
866979
823473
395488
121286
545852
218231
439079
156999
718211
896345
540301
514628
384277
842182
59439
994510
901526
143596
170013
483870
926333
442252
371551
812780
256042
471114
883335
463578
696772
994217
839197
451396
865595
817508
246834
334095
848633
56853
259614
809989
464394
104502
490973
179274
487758
341799
708967
127391
689259
976436
405742
269422
362208
610713
741189
136335
786824
424942
306101
6811
14319
470781
107711
59162
48380
33330
163779
115787
234244
613654
871118
967774
404941
393994
244771
559841
899930
25638
924088
952145
709322
766665
20020
587101
817494
178572
946371
323715
665734
565494
358475
543555
521535
645455
890148
188513
475268
108884
930432
593839
459857
602097
858937
779250
867842
896447
561738
953052
451199
921066
805816
947889
401374
533894
94946
770333
196975
496842
356983
531992
37798
908349
355138
581577
83444
190862
904132
568184
192781
779333
427985
374944
182053
60233
608579
275303
551255
682358
895031
579027
820365
119413
710182
602565
63672
626796
493277
227070
370945
248629
690751
855379
654119
18326
545268
696733
547568
90923
432272
310838
138130
565047
885096
827041
445102
711076
696750
305839
252859
654757
375949
284652
561158
165054
790044
945179
653614
82643
483160
7943
697929
152934
360869
155605
755899
206863
504130
225049
899311
987350
756314
368115
552332
677728
948036
162042
777444
714925
949401
174307
285188
902776
982765
244522
951464
280104
333724
970931
624690
617381
161768
24061
307023
238573
506073
72292
952816
710942
201709
709190
984477
658118
607677
434259
402777
728785
65782
405029
639838
670690
690896
927063
421853
630471
545996
467224
901500
852496
338433
481480
544442
126084
511807
805532
426350
712935
168528
137593
74865
45318
733070
669963
46953
193622
193376
345413
433855
661584
507744
311268
566745
287721
104644
46308
16597
589824
746589
125897
177319
782923
918608
505757
931578
717666
894766
877163
641409
808046
474737
636682
658894
756724
437293
277019
343204
888119
606291
510505
5778
229934
28202
603616
982778
635270
11183
905865
930462
31031
253929
303694
742831
733640
793251
679835
948567
689522
893250
862206
588737
541733
729560
820318
772573
70012
880731
624067
442965
968882
823130
606993
20558
42371
10619
199116
124160
755326
682322
424856
5747
147239
916349
461441
365169
803614
631404
949708
412665
500049
127264
438681
6341
165976
977522
148462
484975
951206
418819
30011
697171
277328
725401
348664
644504
690193
389184
448560
583264
979562
388866
562846
905572
789439
988303
291058
188463
64026
404864
882367
810389
12092
480958
651300
989061
847080
685297
190358
630200
416954
849206
215447
837764
898080
361775
721744
182802
830125
414771
543778
660511
174889
836522
799675
290207
359595
579282
770877
938556
276362
327376
219804
651213
481135
879499
827505
58213
933432
225251
818834
873722
344855
593701
771907
822156
861549
932998
404637
14000
992158
39085
219201
808633
973093
980520
778359
426890
628056
720150
906746
39007
639714
189754
899289
565108
633539
299448
48907
224191
755378
401214
693673
720905
306119
816169
848337
806992
340860
447192
541293
452242
965429
636167
653012
818226
875376
224201
836803
603283
446236
622554
740178
258531
494186
238108
419181
376414
37447
499251
557251
960909
25584
147485
828855
724028
28510
525762
593719
38243
370914
475511
554156
622969
221968
493548
145223
152077
852370
985173
334608
57985
768472
838559
257052
487686
724057
189846
851800
370640
810122
119477
250179
325379
777616
746277
684915
991065
230299
699113
967973
186750
225053
460801
726088
25879
925852
162286
517687
86950
941562
88109
800486
361417
536128
507626
755205
360800
989042
426991
341254
892218
143459
178831
698094
726723
160053
245422
43244
468999
413704
58780
167399
332593
514296
84701
670063
753103
743172
618674
703737
449163
597046
203962
886383
522895
636894
904809
727322
477014
469379
782585
173113
143282
188217
134249
416954
971721
709159
134473
993822
361205
439902
187739
959976
507271
516939
264051
860680
922975
693250
950075
600773
718813
530851
113418
486002
226934
258568
602216
4049
588559
710694
813361
465285
259813
724337
975410
383608
252447
159662
797367
875736
367903
795395
208615
313817
471688
438541
505947
509850
275458
417096
456775
419368
884735
603944
702910
805509
113845
152666
41137
618113
632545
932916
170497
118766
243692
949073
198318
668304
519952
782218
635931
321183
670979
950671
902759
601927
109757
992300
118822
284383
618026
63652
627861
341240
838317
480448
985146
233249
977602
390917
372574
85168
815885
934973
64941
282797
686538
32146
773661
827909
334986
188106
929778
818833
695468
251873
250310
874816
646691
139129
149154
4821
146244
953611
572385
298939
712732
358988
836274
929782
132341
981093
737064
913772
866673
891549
518857
200816
202372
183734
574493
814358
48615
182767
820382
349089
66861
787324
31712
474229
608551
34298
992087
232618
39266
686405
338195
199190
953104
996380
72685
185741
928032
854170
112460
54630
455623
188628
965879
259787
195546
677004
5954
473400
424401
802639
921634
638424
946935
504545
233142
132734
228817
329839
671211
248682
51634
588971
176641
661951
262204
115178
2355
836451
298858
215100
131133
143273
137598
100234
674457
672536
365917
345565
489157
29568
331812
642945
897009
273612
40927
568275
169324
447479
635484
897400
545970
163871
504297
889747
294831
877303
143685
299490
201526
794616
846588
283643
561101
544916
885315
288397
253115
956923
554516
473738
955050
345446
97479
434159
476068
58389
92126
154249
591996
228731
249244
412123
463492
817503
948487
207539
707186
823482
791666
429269
103431
32244
258661
409829
867992
174398
916591
176814
715081
760883
463385
239905
229521
619139
731811
789614
360698
833411
398219
330933
246945
274890
926262
698091
820135
893284
506608
18742
391870
925651
509965
192180
711560
944666
920233
346191
831595
746949
673998
130102
856031
734582
77925
446785
107226
512669
274461
629877
92155
582937
383146
409472
95121
663279
193666
528850
937422
842392
550084
4108
383294
804971
155033
278818
186434
814109
629352
168093
684927
426590
570788
775945
897356
49591
586512
849801
456408
438891
275832
900549
889060
94848
617909
133330
497045
922598
35631
392753
349570
760268
304378
197345
45916
102735
688773
297080
480585
237651
349332
985467
823704
355616
628379
535656
283743
30671
148300
327037
470607
653169
927786
484005
89136
353104
873290
630867
363079
41697
44152
802009
46856
118834
933531
322946
606571
361535
216257
142671
616410
79894
875556
274725
316898
243333
992351
661681
583397
642182
135157
813189
735096
470026
714155
818474
45599
36808
867497
371944
5991
799149
771753
100602
779310
632101
764619
868564
280442
198362
33359
806716
28849
438148
762273
828777
852631
446185
204749
843701
113412
488732
485869
213297
808616
610573
822683
132563
259565
846998
289406
69359
184197
592386
920730
773759
653933
431583
79603
413009
365451
959076
17621
972082
489557
216294
127958
524395
997069
31770
30679
11744
823503
472193
716738
541421
926875
722358
945929
902923
515293
651448
185034
616018
878326
752162
263318
931541
815749
746220
519775
705749
635411
607149
266887
824783
656696
879700
423693
194923
198910
862766
570121
279701
865614
945960
913831
871566
624753
71802
851258
143608
692786
840754
921443
273301
984998
246211
222488
905907
520660
934373
723063
51241
202216
387515
40022
640760
204789
497009
194281
711167
595629
471928
438648
572964
460741
853648
630739
459792
561862
354260
140123
173216
884549
709241
811675
997601
703479
429224
616438
861841
640823
505699
189759
997803
159072
918878
148663
236565
29584
532928
245617
412765
149913
862286
740721
679197
605464
323383
513768
431783
264735
659180
407668
935735
36136
192559
906063
503558
757608
450134
564046
669835
641198
274802
621952
160689
908645
188363
43257
505367
736505
289847
366414
63815
104251
852222
507218
493230
272458
414029
352543
551137
757289
94839
859673
75021
785356
670827
244202
845348
972818
995292
743657
875021
397209
86291
213531
117532
238704
416582
541670
968117
609977
679661
731304
976325
124406
605038
260899
178538
284881
91423
583253
971772
817268
359402
912641
116112
85149
249927
415536
908046
561384
990986
19826
766385
157076
674372
920871
354065
665152
164866
433064
195626
957818
718869
26781
697713
340213
918620
41790
181619
95923
893880
719378
613698
693156
172295
482082
139311
289867
804816
935095
827870
112275
331825
490312
297620
598712
933746
999469
987063
995214
113717
109020
309967
542470
786940
838125
468186
995573
309151
407663
725454
888718
673937
275793
428741
658270
107187
510331
222169
199514
499969
244462
331734
710768
583210
854913
801137
921247
826259
842974
646808
184923
22986
341629
964553
360540
364627
173323
461738
546100
682358
263159
911003
975990
154174
401679
593174
719224
790073
879161
837541
385175
297864
939131
185584
373941
413764
716363
801434
219699
634611
718145
667318
713042
856630
495083
759468
742147
323850
331872
468346
600362
672202
534209
545667
134164
169645
275438
516457
254452
77693
563727
952835
231584
644139
231420
640925
211731
293907
186243
690810
542252
602478
858886
175059
946433
933220
344416
819853
475326
907804
602663
882386
962021
438078
47787
986126
161094
35279
311044
762079
355056
535896
501797
587779
421967
834237
352600
955821
349118
483212
683421
437718
154505
550173
979133
350140
414178
600283
539994
87850
301172
236276
274857
212870
909140
856455
379301
656222
408063
60604
699376
312870
587425
983457
711156
613457
3080
587459
672857
188563
973307
216409
693416
1165
122637
333264
997569
508874
45501
344347
832407
679127
323053
262614
928712
365463
413124
259059
801299
722330
511544
508221
820624
279914
8709
256036
492578
421174
673063
269257
966333
577507
917601
234453
526830
715629
649909
220418
148259
542221
355065
989305
948832
404916
116378
514847
563385
214400
320619
575708
784946
123565
961987
785458
969821
967092
261296
925057
907162
235204
280794
364488
929501
5712
456536
839798
935670
581902
449128
910718
739554
843126
870411
634401
939680
590458
771626
14170
416147
194855
880902
339928
59709
736321
19957
503595
795746
311715
695740
167539
218768
101523
652064
960715
822058
32937
8748
568953
460936
879352
236881
918251
579750
751008
694239
832654
920537
365605
75825
909102
359675
947603
696713
396615
663382
353036
603006
393643
434439
941123
43949
810520
337447
920094
818810
868362
826029
778037
851626
892838
47392
37672
218269
551478
45589
588773
403960
568650
78068
757223
401692
709124
50663
83523
599764
167922
680783
659398
732126
411004
67651
458688
342290
315356
928860
897753
764948
24224
665369
407029
764982
119926
897660
942114
845797
110708
927801
789893
724655
208776
805755
483722
960735
601137
142718
695609
259902
345676
712765
778439
26044
340275
267234
212912
259467
818300
600559
549357
327484
164631
243109
904
809134
559901
334477
31838
269738
114246
590031
286863
707400
894912
445722
737608
465818
942347
272976
188822
326349
280312
533887
320256
244739
958082
336961
67784
578012
740506
320826
682723
275083
869294
157364
567191
624911
438646
252333
487067
699075
797496
207717
745196
702292
859226
412166
222064
367056
853259
452115
774287
103405
291208
655776
10474
427234
821609
685945
499362
327506
221803
341916
993335
702892
593601
806982
776667
850419
189584
419626
624367
591592
617625
241511
905607
259707
514555
398028
524814
627069
377420
364810
316737
915046
853943
445915
204529
193641
902033
692520
991200
475804
445684
818731
92267
482540
740464
298567
430011
206261
842450
126117
276242
699856
331502
273867
357813
110650
994945
270529
126165
889736
75311
941622
919652
146451
389286
778644
828898
7409
181751
999287
807010
519059
626841
136695
5503
842369
443050
393306
842517
707657
240028
677960
836548
908946
135289
492949
231105
147209
608512
688711
835374
963863
824904
8338
908191
351324
117082
181067
204934
351206
792660
304278
772228
782886
248260
389197
535155
737034
249333
965948
444360
122442
621585
517606
364996
916279
566265
700566
653907
479435
630973
491090
148490
588999
662201
306524
476937
651894
187013
669190
743565
992847
716476
121731
927120
642873
310185
398930
144107
782495
922823
735645
774749
800150
804558
722082
679451
24524
307435
682050
496647
449254
728420
161486
156110
508901
300749
72621
532372
117827
25063
327599
216048
542053
979088
221898
829895
606794
367919
794743
324528
202122
494909
990990
657243
179614
543141
523818
392846
412010
433208
481345
140932
620635
684177
171553
404380
958332
653107
265617
519718
610595
217862
636124
431920
437876
211245
817088
390203
524513
948442
456397
846549
425969
257857
297425
495326
351162
113723
890466
694286
129439
742067
547064
801559
333248
128403
881051
199273
436547
871616
350237
100643
381921
7368
426277
732388
522192
415896
735043
135581
701623
30384
166936
847812
274870
699194
464266
805665
456978
345775
850300
728011
368845
451587
949815
281035
926141
919213
39651
271607
792197
347930
462462
788386
896189
252056
140274
870165
394481
906145
355843
651967
825870
424224
995336
354175
805944
877992
213506
730530
630844
990746
697953
752423
588006
803357
856505
899150
9212
642502
118523
750332
179879
131102
27487
763630
785491
857846
657515
662156
39666
495381
923873
496225
726393
556856
192719
774919
128845
290324
710565
45990
674216
626384
884405
438452
721269
215781
963788
271092
372355
553548
119725
439790
507870
186528
907554
817246
855558
436932
782724
283494
522407
228591
918656
450130
484998
493688
358568
782280
414379
962634
909207
813652
391275
95190
665489
774342
302842
175096
333052
311432
600093
583657
115261
362472
151132
218855
601935
600808
863412
483911
604261
261632
888045
265610
666620
211383
908141
909918
513855
184650
402185
262888
547534
848447
635177
123268
354856
666770
851167
74171
100633
730557
940681
926397
103712
741546
116635
697174
705286
700
144498
82773
379720
15955
884670
849292
492724
380360
703813
106062
728000
14535
234167
674591
543699
79725
256051
815633
671803
692061
491852
770193
824547
446628
965451
930796
54194
923112
380658
83946
18395
438267
926926
407868
862995
491625
316942
493974
140237
478610
483412
399636
921450
739423
779423
919785
732468
692934
554542
108447
804933
539765
543918
347700
480563
312941
319761
818230
724132
164336
452784
970522
39885
872921
706804
60505
29905
589517
640509
164876
24806
996489
169328
300721
352806
309511
720550
638768
229468
575818
826282
10408
586518
461244
540106
779023
824301
295874
450638
556434
991846
35854
445464
224802
615022
576902
743299
155471
334199
624687
606834
456932
658766
348597
546210
224897
411035
726703
421241
663078
508274
104440
821592
117689
679902
302908
910786
598926
948134
403864
63942
202789
767453
778015
487861
758848
225422
907697
225919
211261
374012
402833
171906
937007
662542
93652
255501
986260
643378
705501
664232
34949
382909
820016
502173
734287
198649
236216
968826
697078
347111
62892
957019
706370
23382
939665
301472
399485
439549
345007
378562
950311
44487
523452
375006
385353
339610
354342
731804
256526
125215
671486
314765
849309
880887
670982
458622
195503
292825
550113
513893
611718
307222
388180
856715
104377
258294
241507
766596
90039
737315
273586
724761
632234
609071
275296
485674
85521
851329
103167
775189
990694
36934
800441
550390
489410
572165
547901
719675
672410
412772
662126
963389
328094
149838
105623
911763
533863
128350
533928
588948
729697
752835
925537
330589
387393
634552
154724
946814
538780
315146
618945
664813
719424
904025
287430
107875
687986
650298
879029
766738
663760
58241
437853
902077
493883
42620
113561
951142
213603
909634
914045
136431
149374
961879
227837
216068
721
723414
915476
306948
428319
505413
396564
693841
508069
552531
576640
179170
709619
250444
584874
830807
638500
406136
344909
184437
250859
787319
549375
179521
617614
817502
878202
20432
379272
390499
692233
83194
121226
716739
778588
24804
886665
756657
478888
970138
413551
181769
478158
150793
191036
763667
659492
202083
290832
605971
700594
993026
398323
598961
607400
669572
694217
502810
687524
281446
564882
527809
704357
206731
337894
246863
678339
757118
796635
915419
935138
683781
855387
307217
190934
424988
522905
763485
818400
307755
260565
954791
87946
167767
707975
946134
53516
731790
379514
859261
920321
775733
454263
496931
45045
925916
907671
175661
814236
618530
345202
947341
120953
706442
174957
270975
217275
915590
821729
56267
279639
816203
497489
3212
838227
888614
252182
349498
103803
775752
562682
832486
693921
613269
185795
451614
408553
279187
303172
811677
271140
388420
162431
434312
288724
487449
189138
369232
870766
154068
48330
548065
551669
574673
760730
160061
898712
166772
883509
542471
210748
529467
108129
65142
855072
787086
587164
858089
999453
900562
41654
480514
823419
732920
608328
946915
291634
437522
328931
334490
726837
354602
280059
323923
100559
699124
41662
519150
568155
200607
701953
64447
318040
549885
842685
328049
707758
24249
992442
354693
408122
791825
666071
672891
632350
127226
250834
136664
399819
658426
899058
585064
227226
311551
421769
499936
350656
499222
230283
236196
177641
605485
631171
996383
100303
403250
315866
556572
663606
134819
253685
288552
550417
387241
538141
581636
624151
871419
637560
430899
112466
828672
813327
552904
709359
249755
978654
200891
126408
7064
405592
367079
436791
728975
355851
812509
415407
527703
611341
905871
416722
549042
611905
773827
697111
964253
928923
423976
609853
842610
115961
59864
138073
710900
790697
900493
67169
208938
528976
470828
221518
117278
514676
594417
397339
760279
720664
836213
150494
823099
113536
27364
116335
818645
736405
207150
721487
601332
174633
552176
592875
425981
534199
830518
855208
845611
139180
250374
187246
315107
358957
673453
105444
778893
372380
562330
314549
330129
756264
664775
766384
601048
388549
931609
920178
428972
196075
494528
241546
325610
431147
803011
745907
255119
738929
830071
567439
195705
378715
845061
535577
194040
682499
339942
530542
453574
473771
129560
448740
470596
406500
947434
404344
531333
127980
356281
728845
768460
845452
793528
126017
244136
385659
982587
825873
589956
411903
945694
379419
339319
53596
286609
914673
189363
199784
174158
746823
517534
246358
640014
510763
619741
442806
493937
904019
366367
120020
660883
207245
706669
228964
523535
213282
669629
361510
811341
284015
274104
850786
489951
138629
765402
166150
721496
923525
757324
971085
662534
740387
427580
415528
628667
281830
248863
255244
458435
469105
274219
700725
345964
661548
641916
737090
154352
884224
772106
181655
23623
27432
412804
951863
802695
227967
893621
916408
141044
78772
369399
389056
636588
633646
757300
327215
829030
934205
352431
706045
536860
971914
162629
910640
902872
233053
995384
868735
384234
327022
26018
617516
666482
691562
974030
721503
805118
92100
3594
117380
489084
190047
721964
869046
827546
554248
533741
511765
308874
969393
566014
474965
480517
984737
315408
555831
325830
766316
282502
311906
854011
225403
153617
611238
275648
351535
192831
923207
925974
979725
368151
948787
645922
931072
239108
614456
95775
557903
7508
390216
861897
444357
902320
37394
701420
311090
444061
85536
217005
560371
889232
177484
3186
160094
813697
82131
366212
393714
874415
624701
979779
720393
385117
591947
583682
300537
818792
84189
909326
833742
99728
273443
656699
57077
585787
129123
950938
658487
960082
602981
99591
193980
489901
467380
222236
173152
543715
772302
354029
975447
993940
267523
878942
148135
150367
103820
796418
424735
347180
397926
128057
557509
590437
442820
744453
288968
463610
741020
244831
721641
969892
40976
851130
552066
800009
907208
137766
362221
953020
240083
425624
738517
989437
336865
318482
783690
632398
552575
210405
677345
324893
902318
313486
595225
706318
123070
560385
125404
407302
710883
662187
502450
510479
510594
264505
12324
675109
451016
24743
936295
824406
745321
268941
784424
813677
348055
748118
151544
32435
340048
226382
738789
53802
667502
784231
846862
751205
456527
452891
890851
491687
187383
683766
56589
522468
540600
3502
923475
348540
842884
374187
743753
654955
227336
650128
818294
50979
605798
715157
742606
820576
415939
378873
92372
54090
830716
850696
775580
980418
313133
475071
30839
85164
748772
331437
876146
376533
347817
559241
930755
323304
130442
386931
814987
778509
727218
239386
967059
696473
127068
45472
828860
91087
484159
626762
646798
652856
664701
775118
68180
539761
306621
829584
380350
804088
480509
379390
73116
600571
711195
308011
807232
24190
607592
985167
763481
315975
574274
173016
43872
783796
252842
584539
833202
239156
230737
771278
316967
182128
288612
855182
977638
760188
894924
633180
997145
513515
258719
292040
720559
624690
735512
722477
667520
190790
267106
19977
300481
53244
913040
462806
67952
388189
699211
537183
15538
155476
167585
867206
266399
630276
776246
869354
667541
435089
881786
942174
655715
383069
617429
910354
480384
345655
905593
869948
982033
212266
606436
753063
170448
782035
884353
114851
13297
703312
679771
86196
247771
486141
533876
649714
149885
704010
258732
843078
695621
276981
648574
277112
338469
698642
191613
392723
868791
262585
700715
836528
648291
191275
648068
747003
868096
78129
390296
294458
927102
614729
698039
122697
183401
630534
503135
812008
939781
841975
858846
219484
833729
919213
166264
141566
481504
261680
150368
147864
229324
336781
874954
875644
646703
52750
48511
446053
986854
327703
868760
561944
724778
378920
24869
13587
182642
355973
916435
32241
36425
846888
906892
1097
308278
345161
459502
802181
348720
142596
374988
337280
761680
84159
283427
179394
500336
869559
309716
824494
952524
247056
89012
597374
958277
362804
634000
462662
208065
283606
411859
68216
847727
447003
223021
886232
694902
227370
792465
906158
339902
571000
365698
951817
519446
11502
98069
694765
449050
537595
133595
351323
740703
698178
937557
55964
417552
307422
942681
844638
606850
505575
691267
756585
250239
551557
587358
527780
927563
837842
470303
677965
857702
179244
324191
641721
115549
225621
3194
750494
474263
741275
718710
659832
81931
450058
244338
669534
624312
558955
473852
241990
454724
641040
17860
946415
573177
866705
437649
665798
160023
438185
320984
294576
259585
213100
234947
167175
963568
923111
774846
491847
594587
129968
371240
901342
256334
33002
638430
771963
35044
230334
540380
306104
869917
649167
425011
677253
860069
504850
459567
261099
890348
580715
450
981668
321114
888158
365988
811945
548001
603913
435083
955242
687456
51258
757110
264761
412648
170470
884313
483377
881899
799485
946213
633642
252058
587919
334569
248888
172510
301764
757639
121314
738690
450250
418915
612548
272612
860577
705478
684755
346627
12196
409588
466838
685563
449649
921464
970248
651067
198839
476124
619026
385349
132773
402775
491407
714929
833991
963706
576127
982723
546256
75663
365620
583009
67415
943016
414916
713817
764470
200942
850364
889993
605046
46757
58660
930015
768399
554263
797673
597135
358944
790870
58143
563200
514925
478203
81921
959890
620102
621203
415961
910094
342666
550450
225504
291085
406239
245943
5952
21829
820369
888217
274694
223086
289593
790491
361698
812049
646334
496419
982707
53391
831181
642918
962667
594286
421099
320178
798262
297461
348263
181800
360436
273781
86882
289822
296048
833417
196099
758970
118315
46855
354304
78161
264396
314049
127898
865669
803654
810121
50772
383226
784514
562437
280926
702089
560510
391198
915744
403670
352873
211609
12380
368008
183124
205157
739209
784953
762371
545202
487599
862303
380115
446344
269836
146981
669972
180977
148529
190516
768743
909330
149920
755321
806408
798466
359494
596743
195973
79721
638620
629697
294686
559556
996168
576699
889500
222437
510536
347562
550804
433575
582298
960564
421213
743690
135128
484022
646269
830631
645398
88845
134576
911928
155659
86707
745194
435725
476292
321503
774857
68170
993208
654718
287786
468005
716175
566019
191493
958066
421463
427000
516282
308865
473957
756859
273066
320392
999466
730044
961938
735666
651252
164232
747434
514974
388187
560152
279877
664362
864129
339469
335245
17576
153771
622007
958917
357771
468396
518711
757634
740794
103014
648506
75690
366534
275799
802744
96869
533383
543792
97468
84719
131529
157471
657612
813346
300654
652104
807781
742686
857955
771579
601708
354963
291331
625381
915477
581492
210436
255153
219913
563739
829363
667003
853890
25673
590633
653068
243815
269487
109799
289241
654120
763778
50296
769423
93799
593422
246377
73301
27658
284839
63892
766953
477588
287577
913800
570458
85020
223868
435499
368311
402488
506793
382999
908000
894149
433645
851027
455746
659593
802202
508963
579245
899256
150135
828991
795797
696956
540984
56314
628606
515866
72731
3932
850615
221085
81975
86717
572203
156568
935812
299617
174219
658701
950988
257073
101694
658565
294339
487744
607197
449617
341707
373601
363029
710447
253692
153008
347515
271570
893190
199931
670658
369563
111637
911890
763049
486490
636522
457284
429365
194532
250073
716325
663447
84183
883024
731090
513669
818355
264359
166364
482353
528904
69931
672999
136603
598613
740794
954191
5951
494122
967284
541599
978820
850079
962149
617673
747551
337225
103935
735757
499782
586121
901889
215845
448773
283810
625190
482800
247088
843470
636769
111670
994882
921684
900884
689205
602993
80245
444405
799430
156773
219631
581152
82961
431589
842717
384321
111140
68163
257608
554305
524091
994787
256541
635099
829990
532649
48044
122450
372668
481022
303250
91459
789677
66175
520460
862193
806976
476785
816736
124876
782455
329547
42369
196590
97803
985509
778787
306796
629302
496292
589516
857462
241373
129410
950154
38029
852734
451887
170425
629187
102764
631664
721572
662422
598497
309674
828675
993750
552081
308546
299005
897686
602794
271118
242222
824175
957567
65504
665104
869939
307272
575614
276250
961282
350673
501807
405437
956870
87381
252927
434476
164798
682332
308737
558244
707365
689052
139978
930564
796908
522991
163848
376452
835088
196669
221090
972580
504173
262653
607412
623228
264585
781776
472510
445681
708210
228874
992969
542719
327476
336003
589268
153442
379792
655849
133930
714201
235151
204245
696030
233770
191524
297214
40089
493674
969252
123287
559827
966309
397635
56571
350405
486640
429978
933767
293502
278058
694815
951888
746175
657806
578308
898760
76381
629752
774526
881734
345323
317331
990951
150355
106494
400272
153571
731694
601761
804210
789802
28482
450801
645316
314991
19011
984237
31777
146413
889710
659944
231968
609454
766608
172273
482158
28195
736869
645087
653902
180990
820465
944796
938608
713814
262180
27036
609867
279403
388883
809124
327175
248289
97228
100069
633910
333717
442856
24556
10496
754445
744087
647424
388140
384865
448901
690703
17253
558953
807210
539704
608783
957379
145487
879850
524043
984787
359401
205252
434
642514
354976
468892
712381
522432
570346
951693
732589
362370
204014
728659
332290
449850
660532
192131
721361
49517
5264
621801
460306
681797
357626
204717
930889
224077
480949
1040
324399
164275
184962
136514
291423
707592
81426
559160
957976
867632
769590
913850
581014
656024
230248
404393
668557
171578
19722
248722
248493
480165
442937
934988
531973
71241
201351
168640
63556
49466
455983
738313
876820
937056
134228
108474
526443
508149
742436
846681
375692
927320
547075
410310
38233
376710
869319
420980
19070
617674
889281
482289
735729
175906
794465
673658
51187
833212
487108
757611
496916
516918
808582
576016
793043
64382
546976
172024
83578
955192
136290
214890
755310
910244
513162
571612
895584
970653
181638
406496
725747
922020
180169
603035
112239
596538
83643
698244
148067
431977
787095
355453
806362
17417
268809
896089
906362
94815
9689
417124
785145
131041
545281
922358
119828
350890
897241
791473
580049
634154
703187
826243
706577
914863
750495
230533
307082
587303
908144
872
304449
121453
212275
448207
906126
702357
127498
635442
297720
784925
859087
215150
52888
554295
71862
780732
61447
311392
209396
91765
581863
589574
230978
965543
861564
667175
423641
476434
884632
840172
532662
393868
996152
491197
765699
469193
534612
158874
200724
909986
940053
409541
166346
34126
937232
903412
272175
555381
273699
841973
275313
935369
951173
111105
739765
297924
325245
142452
80323
939358
39225
974747
878007
136937
643820
54325
607333
232898
99830
86594
115266
911735
136762
947209
110365
792612
599823
801656
682662
856114
100636
194158
82623
29736
795849
575159
487064
870540
312212
642181
112350
829625
143159
390762
766354
424561
783111
73912
287900
288602
930748
921096
135812
810994
893006
919690
467650
641612
39728
759358
499632
115918
890829
193898
816802
926680
428937
256261
770462
575338
665335
456435
351704
132076
864680
778207
955373
251688
157435
386888
632184
428352
238960
976992
863643
296919
937874
566763
474903
272027
4700
677920
26936
104491
857532
201983
100888
716201
769134
174227
595465
806614
107584
295523
676709
587809
360900
671033
999689
112784
713514
188456
650419
69716
532973
614547
288588
402588
187373
521271
354289
404318
93856
114559
568527
670673
798062
433476
555465
85610
195886
164060
893653
732675
679909
143526
584963
283138
334896
864068
865768
334993
839675
11626
139369
345513
163218
558560
736595
108093
646401
680793
873926
958690
278297
564871
903093
349270
899587
854489
164888
228399
521600
810268
311347
442715
63398
474894
665465
292987
572157
425987
145413
102470
403775
443147
301245
595831
191962
587296
382483
303200
912473
58971
857464
466183
816744
489653
247828
312471
830499
914746
982915
99116
981077
220716
34693
999700
655241
761461
539414
702934
642217
651120
257824
660709
519358
376310
21847
552770
126269
522129
701426
277110
202262
429929
994729
167862
702859
277270
820065
950565
370256
632565
816780
534530
89034
783285
833876
130285
669343
689811
86795
63942
217415
469621
335851
696369
888418
949731
714556
31836
131523
449251
357624
886013
762126
765756
710703
597111
841830
925074
2471
505290
954190
525879
777982
937866
145137
379775
783441
121462
662968
771323
965778
122808
841139
390537
952369
810943
248099
154435
184439
531097
831748
842931
426428
623406
318478
433496
822399
237138
629878
180610
745160
390551
404556
534341
316853
708499
832007
736588
781505
56135
632447
824169
756803
904652
481297
580922
509095
463351
444912
984277
270417
904871
813996
789758
288020
511543
45157
895210
489353
298451
995238
726124
582479
866656
981478
461700
312738
778159
520068
26151
653774
291811
717239
368286
148723
142649
640517
657919
73214
191805
933862
981477
937077
723505
972352
647448
84958
901230
646993
669147
529968
458711
130029
367007
795835
451489
128998
805260
19479
931607
282770
324938
250519
210825
146544
640153
647145
431911
363517
324747
18745
712286
817071
126489
860005
71476
151325
371823
123585
286595
311793
957578
100735
467517
249116
819305
481660
379149
609351
716165
399033
180764
47684
293061
44607
121165
936030
656875
992473
247149
123612
740754
133562
224518
851776
779361
716890
988139
549913
690489
577998
340919
448308
45710
466731
230320
754533
236636
267455
247223
171582
669703
686751
300599
98389
454414
144479
859481
79990
219425
767361
404012
992801
418536
559124
397418
731472
670129
107386
662614
486109
274938
55814
691827
940301
953737
32245
739435
80116
658856
833867
654106
278791
882831
457895
364802
168739
983443
453825
699068
202272
687220
910141
744660
852422
542184
592880
772390
501359
779008
988510
404726
803508
299311
92906
894469
474061
401471
662778
127576
846718
469537
748086
545960
638323
52280
182334
686356
880886
592619
905289
347192
874203
436097
299368
126738
178779
221944
823765
780795
998870
865401
919951
432733
706250
3450
22807
404793
898801
784157
546921
629410
178964
572651
112094
226159
286693
691897
402380
340224
389599
879335
66762
241524
906920
755342
827838
299334
969102
285469
44660
128874
790001
245642
592092
7092
211808
111015
537243
133768
772235
602444
59985
395712
972668
938581
251412
92450
641891
660829
267973
53620
183782
731680
422697
332614
521871
246863
243331
5637
731896
441178
753035
551909
368396
157559
982520
33127
178697
673301
931046
63311
987067
784331
211272
428369
270110
171631
996154
506956
496172
892136
169576
832325
620147
134687
773119
120492
895109
601574
442993
601512
419523
443086
898152
443442
919938
167366
570355
610263
591528
123497
941863
430027
268425
645945
390465
259744
739324
341734
724757
241846
482691
652114
858051
360452
283620
855596
303059
962465
85884
811310
89033
476801
968812
55552
833083
134791
298441
979172
758510
173201
873307
527256
595239
747078
684316
615233
332976
1901
355683
340277
749531
867437
579344
231717
731760
379709
706031
205596
36695
368134
966130
465778
496435
666349
697352
821605
647663
26679
33369
309076
226628
957221
67955
369184
686069
933160
775952
345790
414750
850375
363001
788595
760154
189218
628544
752447
303462
919309
420104
219931
678177
456381
402940
373019
428413
373574
416856
28573
336131
372228
578668
227669
414688
5520
647751
371863
719287
865933
85767
421779
98853
942653
57998
869045
585555
151174
329653
762328
184075
512890
541111
228883
780838
713569
372107
480919
479533
293470
521041
916036
409871
687728
767002
499968
11247
172412
1010
601034
909905
392904
513547
73749
950418
755491
239916
990185
287358
294290
134623
21843
138607
589556
831458
168804
542950
552593
688295
972934
465750
947409
473738
959838
735099
132102
295970
433455
802193
47106
175987
881618
202205
483306
895406
190953
431235
476827
774103
28814
259732
337575
345021
205657
974344
72283
810722
963273
87616
612079
570166
237245
260819
510579
302913
591629
286470
198187
495590
166386
422171
263984
426983
755192
891880
428310
68766
36368
212913
352096
575348
547954
793574
49971
662722
628968
53890
760624
443146
804055
303736
450161
141878
298570
187689
154115
81879
106749
713997
477138
985356
428795
945582
902202
194243
239857
937665
55415
348869
786191
959955
759123
36321
973798
75684
945803
612804
691632
43201
997784
501369
596422
193237
466761
195248
338978
896647
560673
724593
563596
608550
494110
403252
283152
287145
745621
903691
867277
368847
787204
944113
112540
854652
18050
554689
481141
527028
754722
859339
898085
403453
614062
68023
795995
634156
852212
33419
748445
72206
129631
212333
872205
936044
999087
520727
273501
372434
658312
457884
777602
453984
407514
601007
89439
648254
672031
727108
475170
513010
207827
381466
232516
831044
201614
238613
454949
349112
194303
828365
880611
315872
302973
461477
629295
298139
146225
959538
805774
350886
6654
724158
507807
382860
635892
449535
641680
940081
63467
570202
330907
431713
120583
564347
316532
684318
955469
84205
1569
822951
201495
376611
569891
373347
559156
833867
399825
88740
988170
733034
114077
939701
494864
757496
934598
802493
509075
726884
127504
127896
244390
6550
889161
138769
789549
200406
964083
674368
339369
509616
633668
612589
553190
520007
836690
949091
839887
761101
944527
491493
589107
903099
964702
944787
530568
147009
125196
847774
496652
925888
665257
492377
33855
239922
433837
872690
752296
545634
442033
408147
119110
187679
535792
373664
661782
134629
515152
882583
182195
196718
821304
668121
649234
785457
564190
756919
530117
812717
897566
418666
505731
198861
298952
618433
579678
892153
842687
372542
142706
786717
63768
38786
686589
705346
826409
83250
954971
827667
402985
730879
400656
979376
906314
517298
164865
498354
932689
681169
350068
4110
445243
730295
136126
929651
401187
467779
498378
528109
626204
579329
796849
7468
744921
846415
65704
260465
346726
793754
310142
99574
714868
486623
90967
749166
178107
805129
63174
214272
11464
699135
518771
461216
272848
701168
515197
484810
622155
994961
224346
683519
316616
798386
647873
911497
122015
908092
478364
214281
340915
768617
461693
842508
365559
571387
631445
417253
983591
513330
204179
29980
403429
211884
671229
961634
754892
56613
93480
600953
289458
105447
596593
510509
771502
435003
146536
524920
853784
147836
708808
933279
206965
529448
349977
14292
914875
950727
876002
733137
866175
806981
208475
756742
75160
17883
116236
850716
641351
882571
399164
430586
451702
458859
336957
788369
235807
756074
455224
634095
557624
70168
257966
537821
679162
600085
612740
513168
441227
177434
568325
32340
779163
890646
830955
918872
999912
834801
778569
734359
964505
728633
577377
142528
298056
181011
544388
118683
970931
468566
774909
777207
695216
464042
676057
579635
245328
237454
590932
222026
527536
882528
655423
845299
882156
354576
772314
863390
749252
904404
556770
923420
99973
541880
59293
273158
960884
100977
423323
996929
209072
848565
252239
26977
793223
192159
325282
580022
832220
359475
964422
587867
127159
394599
846417
918744
173582
809695
958842
262701
911388
853803
686674
75686
785673
641454
74381
954076
67021
481299
187809
74874
67751
649318
522686
151539
250893
991760
932575
310892
422099
126923
713288
838834
473714
603727
285559
581717
577651
313714
874177
400119
732134
513301
288687
96336
782225
406575
157982
902245
921549
689563
287359
414404
232870
573278
722243
852662
555242
799477
259864
144576
1319
652998
142017
681422
226816
571021
666521
448360
468662
957749
688645
75244
206501
559495
797700
900551
682549
811040
112324
57158
646301
689127
966358
300577
228632
81693
581218
982041
358049
906371
332702
680490
588939
991272
26819
207411
996620
606808
23503
644182
249040
41939
763308
876592
945890
3047
787864
338400
545950
893476
58680
142862
489250
947213
576684
433587
294583
537951
542268
716091
616323
77164
325107
853069
59170
706329
949336
778667
18583
391618
402225
587291
228653
992327
14320
661255
467396
878756
647012
279369
608666
791257
906526
230341
558300
96689
670812
437385
460799
486239
357712
139516
532579
262514
746629
577399
674058
946122
749567
500684
916816
545108
162221
753383
222946
72319
204897
48939
755407
562643
753881
970764
824972
11550
29610
695420
278750
426745
487689
153963
382130
388473
226348
120708
98232
88755
815384
635981
946676
36841
47924
852098
58771
806600
397330
125006
104324
520012
402957
401529
64776
317789
790637
509643
996785
867501
230756
83405
642530
370023
881671
671137
142907
951443
15623
69356
475614
906201
393271
372155
631244
906626
331660
602615
214201
447380
576277
331882
492979
244923
8975
772507
32878
833181
776202
618791
287790
532037
939247
464646
726403
318093
605690
69990
556081
542619
701810
576417
6577
90517
180284
66842
123463
890945
866573
892656
808138
227690
274843
46445
93491
188214
626653
154139
683979
361353
47842
733032
179006
798179
77579
552176
243402
510464
989380
870876
790556
900778
212171
710852
658706
552840
914919
563531
256130
189359
57086
368081
791838
350967
495699
685503
309983
21067
578310
398580
694174
575825
932348
925243
842098
458432
191457
226653
48610
703320
250553
701236
556078
944674
441486
127254
920786
67846
346555
499305
897170
973799
611898
431964
607542
742431
561905
500456
662612
296222
52772
948873
914114
12368
491993
943190
251886
865902
421544
477655
691808
818328
248830
343444
350187
93393
826713
551823
641632
221017
688101
332677
395907
508703
800844
131041
917250
762674
225397
509378
920467
902906
157541
997642
705896
766995
418603
147848
795811
211894
399260
576445
928659
417078
531453
988050
269000
411540
478125
210023
171025
707277
599844
822498
920200
145561
443640
543152
728994
468784
437031
809662
765926
686805
704248
151052
83460
708839
891577
814722
576796
384804
335272
601350
286097
618575
409806
57673
166908
548117
458521
178288
290001
505085
950406
569969
389769
795199
769214
509181
840228
267450
933748
159479
886685
635843
864663
98120
648653
725582
534983
579795
834001
987295
880723
307451
805467
256880
660576
573784
775409
209535
965688
938750
259497
562613
889431
899384
541612
669828
903952
910075
758464
788951
767831
519320
125563
513821
10049
790961
524892
539618
8365
837226
934394
698649
764249
528927
387397
741437
493993
315266
558659
586263
444583
198515
239708
781178
739366
213800
268094
934098
331904
380916
864987
871538
118321
661868
130074
890051
873715
604734
327207
813414
86054
490996
629904
888863
18870
904442
291887
687300
682598
872761
605423
556314
176708
911378
549300
37251
876858
427732
880120
484552
475257
303574
989106
796705
619178
665882
947198
940068
286062
766764
392852
701389
789759
295750
450217
114203
474361
380277
324412
783442
897101
844265
231540
658592
604508
697694
279419
503756
107420
773092
920884
25472
209261
270758
563577
105057
797506
593146
937126
653417
191173
149744
629269
86444
539485
258923
637643
611616
275902
573423
549800
10663
337266
810831
70510
244281
233245
623165
805286
681118
330514
813978
71823
905804
748973
500127
485847
994920
455542
683024
463864
489205
946656
422052
369743
237084
707475
366860
196423
110073
363830
361116
473457
395704
232744
293277
258468
166058
212121
335355
48243
255762
864301
674015
23066
150139
857477
32527
144380
91020
325518
639088
369800
849485
639868
707026
812486
66555
943773
969576
737809
946056
696847
376267
44751
767409
939589
164797
25020
507863
221590
905258
598130
246142
370242
575527
303785
11000
872347
591336
371017
163369
818743
366440
856301
57823
389916
960298
76224
714858
301749
924886
711359
844066
827816
767104
972864
371465
54650
602945
557709
748747
252972
157973
237718
168470
531642
38425
406124
670255
682552
448900
663174
509498
885066
303077
462320
878765
558368
854075
493002
353108
8817
825074
749668
274585
985181
7527
995177
252894
464803
44249
992501
539228
200231
481075
711722
36038
157457
965848
54934
510410
199332
822928
145615
862266
266869
119411
548133
326434
504390
360235
613801
325692
477907
628993
416168
904698
359297
674984
677697
685023
353586
406834
491516
181277
754515
176791
95555
57127
927294
838589
537035
28985
18040
914850
783560
579446
54667
420602
333454
128451
98991
76411
415284
397697
933007
876050
9586
548960
832397
887317
329843
52334
304377
701781
71660
558566
30429
756283
506668
95272
550179
367412
941537
953314
60446
386570
324795
829387
958194
102266
817604
385913
424689
199229
26675
795313
570227
74230
165040
359197
518576
62221
632035
388561
583672
582190
724211
468413
883563
446193
832375
109911
565745
966410
732407
23092
466872
427075
729956
94615
75175
603075
69377
69115
531743
160993
145258
187182
662437
457741
273432
583479
34639
88411
477482
285348
229322
245736
496311
798056
917864
537552
256661
971169
975547
54097
58307
78067
650108
679288
44629
598889
230450
941166
234274
335782
609563
474414
189895
83208
946945
327357
829536
701950
269317
630478
456654
442478
743830
655948
542679
438610
246842
225559
329559
90188
301862
31495
238980
54939
680909
177040
928899
156201
385761
275265
967737
147997
596134
644093
664567
898964
238062
628522
500485
47423
39453
917799
918240
712194
41504
523059
334814
231710
944668
685087
842368
861685
160164
754524
256013
475012
459596
985540
417337
363320
512814
396317
95932
559578
576432
440441
642882
569466
258294
307605
715766
251314
922891
259829
461545
190786
622511
135577
254492
806524
573612
94676
973843
317179
860330
935149
47110
28583
219677
297151
702943
829247
944529
142288
849054
237210
685596
945820
750622
743209
205470
893327
828944
477706
205475
207623
406867
914864
863217
221858
266818
853313
611126
810602
495346
311375
234025
170100
424547
301137
239211
790646
471987
806355
156035
381374
408995
747942
826246
324180
105667
220661
297431
583979
426209
123626
332453
604616
401190
223530
670558
422641
184748
608124
266324
916807
567132
511581
255585
57500
31480
390998
474183
500501
814829
695530
532366
259510
72298
41261
699153
641475
528287
80986
190788
626639
78322
178142
98652
20370
890877
84588
41964
91601
180017
63258
551600
474101
561779
243878
417269
547455
751430
329513
908714
97140
591497
152863
776906
670690
6647
678176
622993
13196
89991
872185
87497
428056
862893
293653
890952
164253
942811
448031
277349
179821
963562
740125
681307
238412
783838
723875
234336
944796
283800
606323
759577
427889
393703
452452
675020
942658
416005
806093
516221
186774
559985
380697
43901
304188
276229
145748
818830
296883
176525
665932
851477
497431
998383
473436
587993
266525
997153
459702
923547
124158
260254
621914
148147
40194
54457
269114
465974
276141
572673
476715
663492
373879
572062
854929
862392
61267
971988
750579
931960
168752
557979
552876
511571
469354
445904
40135
144000
88210
176945
196525
390404
852870
568242
957932
144068
914172
471681
480872
492502
633789
48238
105489
616477
51062
329785
114522
830161
232267
703279
769090
397822
721030
267613
969755
447280
460011
532873
637791
382745
672065
514865
728978
802500
323931
341616
820302
276250
457339
803309
755158
734222
639617
900727
677720
911065
652922
450457
258484
166130
857647
899571
683383
277466
280927
651904
766693
921148
202644
529554
168826
324639
834735
711070
222460
27893
378557
507875
839740
70033
85547
818313
647419
131396
168250
364319
514650
176755
722549
55672
603339
105253
789625
806838
89148
794522
536051
276601
759562
757981
100129
653564
434744
882538
638553
59422
557984
312598
6657
496864
500054
506722
257327
414136
547975
121405
258709
763830
510096
92931
23483
205986
736350
63608
815201
700292
748175
282689
83148
893915
926196
313712
634661
977029
837187
666437
83564
712304
603377
693455
738031
209974
180686
807155
112869
771267
934753
809285
143014
483951
653814
301970
721857
837373
76652
960454
509370
97062
12922
183950
7585
432129
258946
62628
148146
908122
855005
865558
613703
185590
280922
338609
312155
66362
733663
388207
939698
289611
435742
586176
967405
791657
925456
895515
289459
424248
975682
636126
713349
963141
579785
708791
459774
780509
671430
950269
204442
103472
485265
404165
600096
264310
653306
948147
303071
880777
914237
263140
896355
845071
111997
673504
601841
583730
58211
874935
738958
28300
450275
70603
218820
418292
847299
147255
888410
702581
296007
69817
208115
293089
466019
891846
688971
417798
840990
356795
579089
165131
635646
386375
626395
742356
891211
950376
393058
661084
304293
752634
615240
385840
677798
303085
984640
597691
960129
474398
511735
355802
38251
118830
927295
330758
467944
920844
3330
991476
782983
93706
252393
380139
187904
1948
582974
916320
211539
377981
484184
462446
778671
698359
18040
464828
61376
146826
699923
51483
367209
148594
256129
727732
940069
721735
294028
835372
317208
266747
70837
176786
872297
452623
531616
836753
293669
861255
797072
77903
808527
662749
621352
159890
596789
699031
346219
350090
199849
974708
168815
417761
186974
479063
221191
527486
320919
252543
797584
525484
352996
141983
49339
32340
242811
192041
175420
781167
805787
876809
286076
848872
754573
851111
308155
59052
502359
550472
546223
11404
103130
200358
428223
322228
37847
34696
957136
452662
642086
679312
456503
969
885689
258698
751538
668541
972640
659399
865364
375220
666209
32359
650632
244044
551043
110406
127952
345937
911631
791928
163359
345033
577608
797519
389640
963711
459173
431615
841958
480631
133464
923447
649618
394398
904705
360079
878425
153889
174439
368430
843763
672231
784443
111787
687994
600116
574611
760689
349755
712489
683519
29192
75905
297270
292696
275583
594799
905088
536049
315915
386040
426382
543154
808656
26307
700511
821241
504349
771378
272798
986039
677519
674808
835298
963619
59232
731546
792812
916525
812009
639946
637143
18192
635116
810726
752097
984366
888269
304098
766708
499228
479302
680129
33901
934046
39547
811114
465953
304795
790793
286267
213862
340465
148239
801476
132083
931318
417396
857791
364910
950448
993981
433348
545685
930463
401416
323888
648059
966928
451863
827935
993236
636465
932152
620023
457250
847305
315196
42953
871096
271785
246451
160089
132861
230353
86094
495326
702418
393457
649317
609534
627178
832439
494768
229037
597880
26444
285782
424118
344922
564902
438944
509106
238013
542
787238
264968
54926
804922
581737
718085
573610
803129
646387
322810
418730
817553
797705
515185
854172
765688
691702
486981
821205
696309
531614
588257
468542
180545
273334
538011
252213
92011
310097
516466
633853
228729
9597
129929
483140
364358
828495
533674
602050
229670
377121
61955
39751
251998
275737
566741
635518
903337
899395
199019
583068
332895
428066
367083
426620
640282
150939
74908
987910
269045
685928
903557
295944
872242
140199
891017
737083
114492
397270
789269
173733
256208
125482
893179
460327
850456
773620
528183
908574
305206
326256
400592
475456
741611
508275
144310
865593
870580
536267
760661
588081
498931
559993
134433
273456
248485
572330
69663
921872
952498
757890
464682
646107
847675
726994
957669
864866
659750
28269
755717
667309
523234
498460
250733
696092
712855
757463
868361
622760
242540
270253
513869
470037
648694
30330
861344
349202
73707
22612
883281
887459
172513
305368
335562
416071
491006
585774
400714
574693
736059
885129
869231
425335
489481
938219
984842
704039
840279
691260
414597
418594
67992
796047
580995
410384
197253
449841
208408
942407
792944
462063
426346
284674
51985
829207
136578
628529
956793
326377
735459
39901
149610
968907
832293
924183
772744
599327
57204
325863
874919
662193
391848
681137
987071
171289
225362
972556
184162
162048
767050
703238
977849
378651
212467
227271
529448
300247
754933
430105
832492
147157
560049
256138
24962
538250
561345
389437
931820
823935
864465
927625
137410
173469
960805
77564
878734
263562
407762
247393
426527
186926
994238
991871
5318
149032
148677
635739
515124
828760
148600
668049
206671
991082
20406
862135
782934
151196
93778
953223
391600
529103
30703
645243
148850
379808
310875
549029
790551
984735
304159
88121
83837
973724
793977
747185
996540
801657
764923
523653
185245
861326
19093
732325
741042
186035
808818
39375
492053
95609
23790
35370
806321
848051
381606
123958
46667
775654
261173
581022
223639
531311
486262
594481
794549
807832
641190
568200
457437
969936
634527
389860
721959
532218
502958
892579
967909
829103
391179
416102
349124
141470
258934
457189
153971
322660
51555
530982
176642
421922
57978
259440
120956
620685
262390
757037
628278
113253
696544
671574
474197
528906
793895
982495
398609
938815
176875
641310
593926
141219
425693
726190
853836
90660
487296
525525
629573
400513
979862
368192
976128
814518
232807
740575
297478
534387
35504
95044
301077
924197
244374
589906
938967
264529
627870
885939
438347
508535
325975
715427
946443
18382
507347
150214
736437
292434
127645
410716
825086
27359
519792
43845
599762
607449
492668
224137
797042
951511
662203
503240
941923
148807
171225
715326
448807
300305
746185
570960
190152
982139
826956
427409
63887
768500
144834
756050
908289
386733
762803
440716
437479
64912
786841
890017
789480
224047
13927
41195
387525
351494
853708
723234
146906
506959
545517
994296
650630
969738
348867
56008
30808
221112
350361
837956
633061
304996
884794
498359
682079
469574
945581
458952
8865
278356
576082
226153
733343
574652
839959
622822
241178
869820
247653
922352
548658
874886
693168
239787
95399
364748
760551
362316
503403
225670
127644
408964
153093
835092
525614
604937
158350
410760
17842
420000
825384
621725
715644
726699
15036
331476
328070
38861
242679
440348
143186
801299
917454
362573
651603
57895
372516
109433
789765
570745
537069
831087
377135
919669
235205
788903
15273
989051
56777
592839
944860
90706
77020
894023
242670
899885
942155
305479
195120
587155
52073
991195
282522
404103
93692
290237
31353
185515
611725
887880
850393
735772
848385
111608
219159
653620
319566
300725
516127
582611
842166
574727
147938
559694
90329
856270
893193
700117
153172
127573
169466
841445
656196
699132
359304
942450
553064
239053
575611
854352
263964
991115
878829
117346
134511
756969
131689
96719
98122
249058
760125
812669
682204
324715
530326
172293
710655
548361
279995
368214
321906
383909
899517
455329
116312
980839
234568
747925
986288
281272
18885
483792
338079
432082
59969
664198
838563
907665
240833
156827
217417
335596
606491
460917
187375
7489
502786
401678
934115
344468
149341
760294
700201
81103
848227
591838
324487
708436
93630
257483
100806
197700
881769
725833
156054
684109
254496
178951
971407
611019
890720
466932
653869
936818
453603
388478
720817
656435
991503
692800
778503
913434
185624
457582
768600
856395
184157
743491
198662
105255
278772
587008
323802
725021
251710
505903
818520
601746
639003
552354
652200
864130
871813
869382
803452
361136
271724
447837
425185
17135
455720
87111
482577
269441
680476
600921
432459
900403
47259
860391
696280
596272
686546
778782
337583
193985
557895
319699
570924
138842
755500
247324
838083
233364
671820
840646
480938
892893
558635
747563
361237
185016
688553
567935
887241
591547
970992
991235
508449
115670
926352
28200
833944
589187
838957
907876
67720
224263
422374
321330
449904
123868
958346
503671
735285
581718
72025
148308
17396
35705
427721
583928
379442
409495
250524
468404
146224
690109
415360
119777
51381
394565
856524
663185
869227
114659
656604
203897
429588
178307
733735
137972
293452
334731
970275
445249
228073
637764
686078
246125
57281
647337
928070
776178
683865
674455
320620
420614
59098
934862
644104
813988
550285
257993
853043
695766
253310
735233
746321
952180
500593
105144
842200
914955
197364
30525
564462
959298
544969
922717
847234
901603
483708
173968
230990
751056
694350
892863
384469
124841
658735
57824
61567
190455
768843
868035
169
679279
21461
518538
185421
918789
779518
127279
639206
249267
442709
391549
211472
388513
813867
317471
964839
382616
14474
692896
689670
953612
733264
461044
235288
152393
300007
944690
618794
884097
352727
213150
208250
343121
837685
808211
931838
611122
569087
701517
619820
178629
476489
583603
695581
416351
980823
142124
666957
767616
954609
349604
741502
872751
236489
733868
962622
722521
164013
25410
991432
462547
204911
974129
91892
736257
774949
262360
921014
935254
180892
525526
904299
794539
1481
626491
133473
354722
899031
146102
610771
603483
883357
699167
638642
781038
817692
352511
731187
564828
702642
79606
977515
12449
671932
995870
543754
612281
261294
415959
604571
135059
60981
412792
426181
582369
